
  1)   0   1   2   3   4
  2)  10  11  12  13  14
  3)  20  21  22  23  24
  4)  30  31  32  33  34
  5)  40  41  42  43  44
  6)  50  51  52  53  54
  7)  60  61  62  63  64
  8)  70  71  72  73  74
  9)  80  81  82  83  84
 10)  90  91  92  93  94
 11) 100 101 102 103 104
 12) 110 111 112 113 114
 13) 120 121 122 123 124
 14) 130 131 132 133 134
 15) 140 141 142 143 144
 16) 150 151 152 153 154
 17) 160 161 162 163 164
 18) 170 171 172 173 174
 19) 180 181 182 183 184
 20) 190 191 192 193 194